,loss,rmse,mse,mae,val_loss,val_rmse,val_mse,val_mae,_timestamp,_runtime
0,0.7547723054885864,0.8462306261062622,0.7161062955856323,0.6905170679092407,0.2610016465187073,0.4716961681842804,0.22249726951122284,0.37072569131851196,1727260944,125
1,0.3447650074958801,0.5535316467285156,0.30639728903770447,0.4424208700656891,0.24242575466632843,0.45190727710723877,0.20422017574310303,0.35385626554489136,1727260944,125
2,0.26967546343803406,0.4812547266483307,0.231606125831604,0.38382482528686523,0.15385155379772186,0.34050366282463074,0.11594275385141373,0.27886098623275757,1727260944,125
3,0.2494148164987564,0.4600435793399811,0.2116401046514511,0.36987194418907166,0.14252662658691406,0.3238968551158905,0.10490917414426804,0.26494109630584717,1727260944,125
4,0.2182832658290863,0.4252016246318817,0.18079642951488495,0.33771878480911255,0.13710880279541016,0.315871924161911,0.09977507591247559,0.2546287477016449,1727260944,125
5,0.22214838862419128,0.4300484359264374,0.18494164943695068,0.34461361169815063,0.13487321138381958,0.3127543032169342,0.09781525284051895,0.2591961622238159,1727260944,125
6,0.20228776335716248,0.4066368639469147,0.16535353660583496,0.3232109844684601,0.13538825511932373,0.31400489807128906,0.09859907627105713,0.26196157932281494,1727260944,125
7,0.19940949976444244,0.4034108817577362,0.16274034976959229,0.321760892868042,0.136078879237175,0.31551578640937805,0.09955021739006042,0.2643725872039795,1727260944,125
8,0.18863293528556824,0.39015448093414307,0.15222051739692688,0.3113572895526886,0.13536307215690613,0.31478047370910645,0.09908674657344818,0.2642332911491394,1727260944,125
9,0.1807202696800232,0.38020530343055725,0.14455607533454895,0.3031999468803406,0.13327062129974365,0.3118288218975067,0.09723721444606781,0.26205816864967346,1727260945,126
10,0.17827659845352173,0.3772946894168854,0.14235128462314606,0.3021286129951477,0.1308700144290924,0.30833613872528076,0.09507117420434952,0.2591518461704254,1727260945,126
11,0.17223995923995972,0.369520902633667,0.13654570281505585,0.2973553240299225,0.13035260140895844,0.3078649044036865,0.0947808027267456,0.2585996389389038,1727260945,126
12,0.15832127630710602,0.3505012094974518,0.12285109609365463,0.2821689546108246,0.12980404496192932,0.30733177065849304,0.09445282071828842,0.25777357816696167,1727260945,126
13,0.1586652398109436,0.35130107402801514,0.12341244518756866,0.2851216793060303,0.12870807945728302,0.3058933615684509,0.0935707539319992,0.25575223565101624,1727260945,126
14,0.15737752616405487,0.34976574778556824,0.12233608216047287,0.2819807827472687,0.1281069815158844,0.3052505850791931,0.0931779146194458,0.25492358207702637,1727260945,126
15,0.15625767409801483,0.34845656156539917,0.12142197042703629,0.28082507848739624,0.12749281525611877,0.30457592010498047,0.09276648610830307,0.25399109721183777,1727260945,126
16,0.15235376358032227,0.3431008458137512,0.11771818995475769,0.2774413824081421,0.12686125934123993,0.30386191606521606,0.09233207255601883,0.25348109006881714,1727260945,126
17,0.14964263141155243,0.3394138514995575,0.11520177125930786,0.27430593967437744,0.12553369998931885,0.3019876182079315,0.09119652211666107,0.25115513801574707,1727260945,126
18,0.14958186447620392,0.3396040201187134,0.11533088982105255,0.27273544669151306,0.12453214079141617,0.30063650012016296,0.09038230031728745,0.24927277863025665,1727260945,126
19,0.1475343406200409,0.3368503749370575,0.11346817761659622,0.27288100123405457,0.12383412569761276,0.29977571964263916,0.08986547589302063,0.24846942722797394,1727260945,126
20,0.14436495304107666,0.3323800563812256,0.11047649383544922,0.2703096270561218,0.12354771792888641,0.29958799481391907,0.08975297212600708,0.24866706132888794,1727260946,127
21,0.14285607635974884,0.3303620517253876,0.1091390922665596,0.26732751727104187,0.12313470244407654,0.2991802394390106,0.08950881659984589,0.2482820600271225,1727260946,127
22,0.13724903762340546,0.3220232129096985,0.10369894653558731,0.26129820942878723,0.1227402463555336,0.2987959682941437,0.08927902579307556,0.24780938029289246,1727260946,127
23,0.1393595039844513,0.3255328834056854,0.10597165673971176,0.2620719075202942,0.12240108847618103,0.2984949052333832,0.0890992134809494,0.24718394875526428,1727260946,127
24,0.13632793724536896,0.3210880160331726,0.10309750586748123,0.2602716386318207,0.12230067700147629,0.2985864579677582,0.08915387094020844,0.24722862243652344,1727260946,127
25,0.1341652274131775,0.31794294714927673,0.10108771175146103,0.25969886779785156,0.12203557044267654,0.2983945310115814,0.08903930336236954,0.24619394540786743,1727260946,127
26,0.1315760314464569,0.3140815794467926,0.09864724427461624,0.2557407319545746,0.12183379381895065,0.2983020544052124,0.08898410946130753,0.24605615437030792,1727260946,127
27,0.13235734403133392,0.31555232405662537,0.0995732769370079,0.2581176161766052,0.1216789186000824,0.29828131198883057,0.08897174149751663,0.24569657444953918,1727260946,127
28,0.13171268999576569,0.3147520422935486,0.09906884282827377,0.2567925453186035,0.1216125637292862,0.2984001934528351,0.08904267847537994,0.24581508338451385,1727260946,127
29,0.13200688362121582,0.31543347239494324,0.09949827939271927,0.258409321308136,0.12169283628463745,0.2987574636936188,0.08925602585077286,0.24611060321331024,1727260946,127
30,0.1284538060426712,0.3099619448184967,0.09607641398906708,0.2530553340911865,0.12166453897953033,0.29892611503601074,0.08935682475566864,0.2453329861164093,1727260946,127
31,0.12858369946479797,0.3103771209716797,0.09633395820856094,0.254670113325119,0.1216573640704155,0.29912492632865906,0.08947571367025375,0.24547167122364044,1727260946,127
32,0.1263834536075592,0.3070155382156372,0.09425853192806244,0.2514534592628479,0.12153448909521103,0.2991253137588501,0.08947595953941345,0.24559463560581207,1727260946,127
33,0.12549257278442383,0.305759072303772,0.09348861873149872,0.2514776289463043,0.12142550200223923,0.299140989780426,0.08948533236980438,0.2454255223274231,1727260947,128
34,0.12756827473640442,0.3093234598636627,0.09568100422620773,0.25259414315223694,0.12138206511735916,0.29925987124443054,0.08955646306276321,0.24527300894260406,1727260947,128
35,0.12666630744934082,0.30804452300071716,0.09489142149686813,0.25151166319847107,0.121371328830719,0.29942581057548523,0.0896558091044426,0.2450745850801468,1727260947,128
36,0.12393185496330261,0.3037526309490204,0.09226565808057785,0.2487686723470688,0.12130417674779892,0.2994920611381531,0.08969549089670181,0.2450554519891739,1727260947,128
37,0.12436752021312714,0.3046412467956543,0.09280629456043243,0.2500776946544647,0.12122303247451782,0.2995283603668213,0.08971723169088364,0.24522428214550018,1727260947,128
38,0.12376416474580765,0.30381637811660767,0.09230438619852066,0.24994024634361267,0.12098659574985504,0.2993004024028778,0.0895807221531868,0.24510492384433746,1727260947,128
39,0.12347733974456787,0.3035064935684204,0.09211618453264236,0.24859094619750977,0.12124025076627731,0.29988592863082886,0.08993157744407654,0.2448657751083374,1727260947,128
40,0.12252606451511383,0.3020939826965332,0.09126078337430954,0.24815377593040466,0.12111508101224899,0.29983410239219666,0.08990048617124557,0.24466471374034882,1727260947,128
41,0.12313389033079147,0.30325064063072205,0.09196094423532486,0.24985237419605255,0.12135237455368042,0.30038028955459595,0.09022832661867142,0.24450363218784332,1727260947,128
42,0.11994387209415436,0.29809507727622986,0.08886066824197769,0.24371078610420227,0.12043548375368118,0.29899847507476807,0.08940008282661438,0.2444441169500351,1727260947,128
43,0.12007035315036774,0.29845383763313293,0.08907469362020493,0.24483418464660645,0.1203865110874176,0.2990610897541046,0.08943753689527512,0.24443747103214264,1727260947,128
44,0.12160391360521317,0.3011540472507477,0.09069376438856125,0.24739789962768555,0.1201622486114502,0.29882702231407166,0.0892975926399231,0.24408282339572906,1727260947,128
45,0.12011022865772247,0.2988031804561615,0.08928334712982178,0.24476443231105804,0.12005635350942612,0.29878708720207214,0.08927372097969055,0.24395489692687988,1727260948,129
46,0.11977440863847733,0.2983759939670563,0.0890282392501831,0.24462080001831055,0.11982568353414536,0.29853349924087524,0.0891222432255745,0.24403387308120728,1727260948,129
47,0.12059909105300903,0.2998850345611572,0.08993103355169296,0.2467595785856247,0.11969579756259918,0.29844433069229126,0.08906901627779007,0.24383187294006348,1727260948,129
48,0.1187366172671318,0.29689088463783264,0.08814419060945511,0.2437150627374649,0.1192469522356987,0.29781651496887207,0.08869466930627823,0.2429066002368927,1727260948,129
49,0.11807404458522797,0.29589682817459106,0.0875549390912056,0.24419929087162018,0.11907690018415451,0.29765206575393677,0.08859675377607346,0.24345967173576355,1727260948,129
50,0.11822774261236191,0.2962767481803894,0.08777990937232971,0.24394017457962036,0.11897829174995422,0.2976045608520508,0.08856847882270813,0.2432129979133606,1727260948,129
51,0.119014210999012,0.29771798849105835,0.08863600343465805,0.24359995126724243,0.11862703412771225,0.29712915420532227,0.08828572928905487,0.242575541138649,1727260948,129
52,0.11785614490509033,0.2958804965019226,0.08754527568817139,0.24205508828163147,0.11853288859128952,0.2970820367336273,0.08825774490833282,0.24295072257518768,1727260948,129
53,0.11773815006017685,0.29579174518585205,0.08749275654554367,0.24262751638889313,0.11809906363487244,0.29646036028862,0.08788874000310898,0.24278898537158966,1727260948,129
54,0.11780030280351639,0.29600560665130615,0.08761931210756302,0.2429683357477188,0.11816149204969406,0.2966729402542114,0.08801483362913132,0.24268339574337006,1727260948,129
55,0.11697063595056534,0.2947072386741638,0.08685236424207687,0.24304071068763733,0.1180606484413147,0.29660704731941223,0.08797574043273926,0.24237926304340363,1727260948,129
56,0.11907269805669785,0.2983548939228058,0.0890156477689743,0.24462004005908966,0.11792822927236557,0.296485960483551,0.08790391683578491,0.2418988198041916,1727260948,129
57,0.11597440391778946,0.29321905970573425,0.08597741276025772,0.23878608644008636,0.11771246790885925,0.2962222397327423,0.08774761110544205,0.241392120718956,1727260949,130
58,0.11604057997465134,0.2934313714504242,0.0861019715666771,0.24011361598968506,0.11764442175626755,0.2962034046649933,0.08773646503686905,0.2424732893705368,1727260949,130
59,0.11629877239465714,0.29396572709083557,0.0864158570766449,0.24235226213932037,0.11748035997152328,0.29601800441741943,0.08762665092945099,0.24176746606826782,1727260949,130
60,0.11639466136693954,0.29421886801719666,0.08656474202871323,0.2397722750902176,0.1173541471362114,0.29589203000068665,0.08755210041999817,0.2418116331100464,1727260949,130
61,0.11612153053283691,0.29384127259254456,0.0863426923751831,0.24180787801742554,0.11697664111852646,0.2953389585018158,0.08722510188817978,0.24144868552684784,1727260949,130
62,0.11495256423950195,0.2919307351112366,0.08522354811429977,0.23862075805664062,0.11707805097103119,0.2955937385559082,0.08737565577030182,0.2398308962583542,1727260949,130
63,0.11547690629959106,0.29291078448295593,0.08579673618078232,0.24157345294952393,0.11688502132892609,0.2953488528728485,0.08723094314336777,0.24114009737968445,1727260949,130
64,0.11429772526025772,0.2909734845161438,0.08466556668281555,0.24059805274009705,0.11674418300390244,0.2951911389827728,0.08713780343532562,0.24093203246593475,1727260949,130
65,0.11561799049377441,0.2933141589164734,0.08603319525718689,0.24178431928157806,0.11695830523967743,0.2956329882144928,0.08739886432886124,0.2411007583141327,1727260949,130
66,0.1142626479268074,0.29107430577278137,0.08472425490617752,0.2384919971227646,0.11652538180351257,0.2949776351451874,0.08701179921627045,0.24082089960575104,1727260949,130
67,0.11529586464166641,0.29292112588882446,0.08580279350280762,0.24071341753005981,0.11548050493001938,0.2932770550251007,0.08601143211126328,0.23881255090236664,1727260949,130
68,0.11384789645671844,0.2905147969722748,0.08439885079860687,0.23927566409111023,0.11529998481273651,0.2930436134338379,0.08587455749511719,0.23900102078914642,1727260949,130
69,0.11431223154067993,0.291387140750885,0.08490645885467529,0.23960667848587036,0.11549381911754608,0.2934470772743225,0.08611118048429489,0.23948632180690765,1727260949,130
70,0.1127219945192337,0.2887193262577057,0.08335885405540466,0.2357712835073471,0.1156439557671547,0.29377493262290955,0.0863037109375,0.23888005316257477,1727260950,131
71,0.11270736902952194,0.2887669503688812,0.08338634669780731,0.23695209622383118,0.11484465003013611,0.2924828827381134,0.08554624021053314,0.23922565579414368,1727260950,131
72,0.11233940720558167,0.28820112347602844,0.0830598920583725,0.23667772114276886,0.1146034374833107,0.2921408414840698,0.0853462666273117,0.23862849175930023,1727260950,131
73,0.11282849311828613,0.28911924362182617,0.08358994126319885,0.23693330585956573,0.11447439342737198,0.2919892966747284,0.08525775372982025,0.23817621171474457,1727260950,131
74,0.11326427757740021,0.28994083404541016,0.08406569063663483,0.2384348064661026,0.114552341401577,0.2921900153160095,0.08537500351667404,0.23849180340766907,1727260950,131
75,0.11294533312320709,0.28945794701576233,0.08378590643405914,0.2372617870569229,0.11426904052495956,0.29177144169807434,0.08513057231903076,0.23819757997989655,1727260950,131
76,0.11322158575057983,0.29000142216682434,0.08410082012414932,0.23852351307868958,0.11434852331876755,0.29197388887405396,0.08524874597787857,0.2380826622247696,1727260950,131
77,0.11312947422266006,0.2899090647697449,0.08404726535081863,0.23652157187461853,0.11442850530147552,0.29217633605003357,0.08536701649427414,0.2388443648815155,1727260950,131
78,0.11087039858102798,0.28605273365974426,0.08182616531848907,0.23496462404727936,0.11398278176784515,0.29147738218307495,0.08495906740427017,0.23734433948993683,1727260950,131
79,0.11190898716449738,0.28792810440063477,0.08290258795022964,0.23609328269958496,0.1138731837272644,0.2913541793823242,0.08488725870847702,0.2370607554912567,1727260950,131
80,0.11345669627189636,0.29066821932792664,0.08448801189661026,0.23849661648273468,0.113689124584198,0.29110243916511536,0.08474063873291016,0.23711474239826202,1727260950,131
81,0.11191228032112122,0.2880636155605316,0.08298065513372421,0.23609939217567444,0.11343114078044891,0.29072195291519165,0.08451925218105316,0.23657578229904175,1727260950,131
82,0.11136838048696518,0.2871808111667633,0.08247282356023788,0.23557862639427185,0.11337938904762268,0.29069408774375916,0.08450304716825485,0.23648789525032043,1727260951,132
83,0.11189141124486923,0.28815150260925293,0.0830312967300415,0.23604436218738556,0.11375943571329117,0.2914077341556549,0.08491846919059753,0.23745818436145782,1727260951,132
84,0.11150721460580826,0.2875451445579529,0.08268220722675323,0.23695942759513855,0.11334198713302612,0.2907503545284271,0.08453576266765594,0.23681707680225372,1727260951,132
85,0.10983414202928543,0.28468167781829834,0.08104365319013596,0.23301538825035095,0.11302268505096436,0.29025980830192566,0.08425076305866241,0.23612593114376068,1727260951,132
86,0.11086932569742203,0.28655382990837097,0.0821131020784378,0.2353639304637909,0.11318264901638031,0.29059386253356934,0.0844447910785675,0.23694899678230286,1727260951,132
87,0.11112893372774124,0.28706520795822144,0.0824064388871193,0.23388980329036713,0.11247150599956512,0.28942543268203735,0.08376707881689072,0.23548592627048492,1727260951,132
88,0.10978850722312927,0.2847788333892822,0.08109898865222931,0.23262517154216766,0.11243552714586258,0.2894194424152374,0.08376361429691315,0.23670662939548492,1727260951,132
89,0.1107693687081337,0.2865526080131531,0.0821124017238617,0.23410139977931976,0.1122153103351593,0.28909504413604736,0.08357594162225723,0.2361353039741516,1727260951,132
90,0.11098407208919525,0.28698328137397766,0.08235941082239151,0.23476189374923706,0.11260274052619934,0.2898198366165161,0.08399553596973419,0.2375367432832718,1727260951,132
91,0.10994204878807068,0.28521794080734253,0.08134927600622177,0.2338285893201828,0.1122579425573349,0.28927847743034363,0.08368203043937683,0.23600926995277405,1727260951,132
92,0.11047086119651794,0.2861975431442261,0.08190903067588806,0.23400935530662537,0.11234195530414581,0.28947713971138,0.08379700779914856,0.23648110032081604,1727260951,132
93,0.109212227165699,0.28404513001441956,0.08068163692951202,0.23320981860160828,0.11239422112703323,0.28962138295173645,0.08388054370880127,0.23674975335597992,1727260951,132
94,0.10995041579008102,0.28539595007896423,0.08145084232091904,0.23347099125385284,0.11207295954227448,0.28911951184272766,0.08359009027481079,0.2351558804512024,1727260952,133
95,0.11047156155109406,0.2863612473011017,0.08200276643037796,0.235091432929039,0.11199726164340973,0.2890416383743286,0.08354506641626358,0.23557470738887787,1727260952,133
96,0.10920363664627075,0.2841927409172058,0.08076551556587219,0.23252145946025848,0.11214971542358398,0.28935837745666504,0.08372827619314194,0.23648324608802795,1727260952,133
97,0.10954579710960388,0.28484800457954407,0.08113838732242584,0.23305930197238922,0.1117049977183342,0.28864189982414246,0.08331414312124252,0.23410645127296448,1727260952,133
98,0.10953594744205475,0.28488436341285706,0.0811590924859047,0.2331068217754364,0.11157874763011932,0.28847604990005493,0.08321843296289444,0.23438800871372223,1727260952,133
99,0.11033019423484802,0.2863280773162842,0.08198375999927521,0.23402754962444305,0.11168871074914932,0.28871873021125793,0.0833585113286972,0.2360062301158905,1727260952,133
100,0.10836944729089737,0.28293609619140625,0.08005283027887344,0.23105499148368835,0.11135518550872803,0.2881920039653778,0.08305463939905167,0.23375292122364044,1727260952,133
101,0.10883380472660065,0.28380754590034485,0.08054672926664352,0.23183004558086395,0.11139345169067383,0.28830936551094055,0.08312229812145233,0.23416945338249207,1727260952,133
102,0.10948006063699722,0.2849954068660736,0.08122238516807556,0.2337588220834732,0.11144378036260605,0.28844767808914185,0.0832020714879036,0.23390927910804749,1727260952,133
103,0.10847962647676468,0.2832868993282318,0.08025146275758743,0.2319060117006302,0.11087938398122787,0.28751909732818604,0.08266722410917282,0.23282164335250854,1727260952,133
104,0.107907235622406,0.2823270857334137,0.07970859110355377,0.2302784025669098,0.11097249388694763,0.28773221373558044,0.0827898234128952,0.23387417197227478,1727260952,133
105,0.10699678212404251,0.2807624340057373,0.07882754504680634,0.23001828789710999,0.11073116213083267,0.28736355900764465,0.08257780969142914,0.23349249362945557,1727260952,133
106,0.10864293575286865,0.28373026847839355,0.08050286024808884,0.23185183107852936,0.11054787039756775,0.2870950400829315,0.08242356032133102,0.23196658492088318,1727260953,134
107,0.10810380429029465,0.2828300893306732,0.0799928531050682,0.2311982959508896,0.11062243580818176,0.2872755229473114,0.08252722769975662,0.23394565284252167,1727260953,134
108,0.10841936618089676,0.2834385335445404,0.08033739775419235,0.23158854246139526,0.11035124212503433,0.2868538200855255,0.08228511363267899,0.2323426455259323,1727260953,134
109,0.10803618282079697,0.28281354904174805,0.07998350262641907,0.23152704536914825,0.11034771800041199,0.286898672580719,0.08231084793806076,0.23127542436122894,1727260953,134
110,0.10763752460479736,0.2821594774723053,0.07961397618055344,0.229977548122406,0.11064321547746658,0.28746354579925537,0.0826352909207344,0.23352110385894775,1727260953,134
111,0.10879639536142349,0.2842559218406677,0.08080142736434937,0.23346135020256042,0.11037930846214294,0.2870533764362335,0.0823996365070343,0.23258091509342194,1727260953,134
112,0.10715489834547043,0.28140386939048767,0.07918813824653625,0.22972126305103302,0.1102621927857399,0.286898672580719,0.08231084793806076,0.23223502933979034,1727260953,134
113,0.10689374804496765,0.2809898853302002,0.07895532250404358,0.22928062081336975,0.1105014756321907,0.28736448287963867,0.08257833868265152,0.23141086101531982,1727260953,134
114,0.10743257403373718,0.28199753165245056,0.07952260971069336,0.22982728481292725,0.11050818860530853,0.2874259054660797,0.08261365443468094,0.2322816103696823,1727260953,134
115,0.10711405426263809,0.28148236870765686,0.07923232764005661,0.22960232198238373,0.1099558174610138,0.28651219606399536,0.08208923041820526,0.2304769605398178,1727260953,134
116,0.10672582685947418,0.2808414697647095,0.07887192815542221,0.2293912172317505,0.10984545201063156,0.28636786341667175,0.0820065587759018,0.23143227398395538,1727260953,134
117,0.1071600392460823,0.28166237473487854,0.07933370023965836,0.230218768119812,0.10962150990962982,0.28602468967437744,0.0818101167678833,0.23055127263069153,1727260953,134
118,0.10652132332324982,0.2805759310722351,0.07872284948825836,0.22841612994670868,0.10946859419345856,0.2858069837093353,0.0816856324672699,0.23036439716815948,1727260953,134
119,0.10707662999629974,0.281614750623703,0.07930686324834824,0.22897644340991974,0.10952579230070114,0.28595709800720215,0.08177146315574646,0.2295546680688858,1727260954,135
120,0.10600066184997559,0.2797486186027527,0.07825928181409836,0.22810733318328857,0.11002571880817413,0.286879301071167,0.08229973912239075,0.23241233825683594,1727260954,135
121,0.10664130747318268,0.2809412181377411,0.07892797142267227,0.22934558987617493,0.10945931077003479,0.28593865036964417,0.08176091313362122,0.2300773411989212,1727260954,135
122,0.10741528868675232,0.2823643982410431,0.07972965389490128,0.2301435023546219,0.10928556323051453,0.28568345308303833,0.08161503821611404,0.2298281341791153,1727260954,135
123,0.10609980672597885,0.2800750434398651,0.0784420371055603,0.22882725298404694,0.10934866219758987,0.28584232926368713,0.08170583099126816,0.22976219654083252,1727260954,135
124,0.10541856288909912,0.27890586853027344,0.07778848707675934,0.2271667718887329,0.10884425044059753,0.2850075364112854,0.08122929185628891,0.229380801320076,1727260954,135
125,0.10509893298149109,0.27838245034217834,0.07749678194522858,0.22694708406925201,0.10877499729394913,0.28493532538414,0.0811881422996521,0.22764955461025238,1727260954,135
126,0.10711436718702316,0.2820291817188263,0.07954045385122299,0.23075708746910095,0.1095416471362114,0.2863263785839081,0.0819827988743782,0.23120032250881195,1727260954,135
127,0.10686928033828735,0.2816433012485504,0.079322949051857,0.22905001044273376,0.10898075997829437,0.2853931188583374,0.0814492255449295,0.227569580078125,1727260954,135
128,0.1069251298904419,0.2817910611629486,0.07940619438886642,0.22917459905147552,0.10860242694616318,0.28477758169174194,0.08109826594591141,0.22767440974712372,1727260954,135
129,0.10587041825056076,0.27996185421943665,0.07837864011526108,0.22808243334293365,0.10845348238945007,0.2845633327960968,0.08097629249095917,0.22864146530628204,1727260954,135
130,0.10597505420446396,0.2801966369152069,0.07851015031337738,0.22775432467460632,0.10835937410593033,0.2844453454017639,0.08090916275978088,0.22725021839141846,1727260954,135
131,0.10598131269216537,0.2802562117576599,0.07854354381561279,0.22889994084835052,0.10844919085502625,0.2846508324146271,0.0810260996222496,0.22842174768447876,1727260955,136
132,0.10614067316055298,0.28058865666389465,0.07872999459505081,0.2273981124162674,0.10866650193929672,0.2850799262523651,0.08127056062221527,0.22950345277786255,1727260955,136
133,0.10492419451475143,0.278460830450058,0.07754044234752655,0.2265165001153946,0.10880345106124878,0.2853669226169586,0.08143427222967148,0.23033972084522247,1727260955,136
134,0.10590857267379761,0.2802712321281433,0.07855196297168732,0.22814087569713593,0.10882856696844101,0.2854592204093933,0.08148697018623352,0.22838881611824036,1727260955,136
135,0.1057225838303566,0.27998846769332886,0.07839353382587433,0.22900184988975525,0.10979346930980682,0.28719180822372437,0.08247912675142288,0.2319095879793167,1727260955,136
136,0.10550757497549057,0.27965259552001953,0.07820557802915573,0.22817696630954742,0.10894725471735,0.2857619822025299,0.08165990561246872,0.23084816336631775,1727260955,136
137,0.10474015027284622,0.27832576632499695,0.0774652287364006,0.22664745151996613,0.10889136791229248,0.2857116758823395,0.08163116127252579,0.22933006286621094,1727260955,136
138,0.10489429533481598,0.27865153551101685,0.07764667272567749,0.22684496641159058,0.1091623604297638,0.2862336337566376,0.08192969113588333,0.23132286965847015,1727260955,136
139,0.10435214638710022,0.27772629261016846,0.07713189721107483,0.22602470219135284,0.10842576622962952,0.2849915325641632,0.08122017234563828,0.2284332811832428,1727260955,136
140,0.10553232580423355,0.27989140152931213,0.07833919674158096,0.22862178087234497,0.1089271754026413,0.2859175503253937,0.0817488431930542,0.23148944973945618,1727260955,136
141,0.1049041599035263,0.2788156270980835,0.07773815095424652,0.22773297131061554,0.10893529653549194,0.2859784960746765,0.08178369700908661,0.2284882813692093,1727260955,136
142,0.10512446612119675,0.2792581021785736,0.07798508554697037,0.22746868431568146,0.10834427177906036,0.28498995304107666,0.08121927827596664,0.22833305597305298,1727260955,136
143,0.10567306727170944,0.28028568625450134,0.07856006175279617,0.2290002405643463,0.10904822498559952,0.28626811504364014,0.08194943517446518,0.22885285317897797,1727260955,136
144,0.10531254857778549,0.27968913316726685,0.0782260149717331,0.227461040019989,0.1087612509727478,0.2858128547668457,0.08168899267911911,0.2281954288482666,1727260956,137
145,0.10521472245454788,0.2795615494251251,0.07815466076135635,0.22773471474647522,0.10863704234361649,0.2856423258781433,0.08159153908491135,0.22868579626083374,1727260956,137
146,0.10583846271038055,0.28072258830070496,0.07880516350269318,0.2287878841161728,0.1087813749909401,0.28594130277633667,0.08176242560148239,0.22894495725631714,1727260956,137
147,0.10387131571769714,0.27724456787109375,0.07686455547809601,0.2255600541830063,0.10855551064014435,0.2855931222438812,0.08156343549489975,0.22948837280273438,1727260956,137
148,0.1051044687628746,0.2795080840587616,0.07812477648258209,0.22718001902103424,0.10785851627588272,0.28441762924194336,0.0808933824300766,0.22815193235874176,1727260956,137
149,0.10451817512512207,0.27850526571273804,0.07756518572568893,0.226297065615654,0.10816755145788193,0.2850073277950287,0.08122917264699936,0.22828613221645355,1727260956,137
150,0.10377576947212219,0.2772180140018463,0.07684982568025589,0.22589720785617828,0.10822059959173203,0.285147488117218,0.08130909502506256,0.22631698846817017,1727260956,137
151,0.10528022795915604,0.27996620535850525,0.07838106900453568,0.22705793380737305,0.10811922699213028,0.2850171625614166,0.08123477548360825,0.22919268906116486,1727260956,137
152,0.10365112125873566,0.2770904004573822,0.0767790824174881,0.22472766041755676,0.10804037749767303,0.28492626547813416,0.08118297904729843,0.2279289811849594,1727260956,137
153,0.10418612509965897,0.2781027555465698,0.07734113931655884,0.22610563039779663,0.10812657326459885,0.28512513637542725,0.08129634708166122,0.22681033611297607,1727260956,137
154,0.10309474170207977,0.2761828601360321,0.07627696543931961,0.22427697479724884,0.10746835172176361,0.2840160131454468,0.08066508919000626,0.22544804215431213,1727260956,137
155,0.10409984737634659,0.27804458141326904,0.077308788895607,0.22599442303180695,0.10763952881097794,0.28436458110809326,0.08086322247982025,0.22739461064338684,1727260956,137
156,0.10415887087583542,0.2781999409198761,0.07739520817995071,0.22701388597488403,0.10783746838569641,0.2847605049610138,0.08108855038881302,0.22719544172286987,1727260957,138
157,0.10372814536094666,0.2774735987186432,0.07699160277843475,0.22542552649974823,0.10726544260978699,0.28380173444747925,0.08054342865943909,0.22755388915538788,1727260957,138
158,0.10434503853321075,0.27863097190856934,0.07763521373271942,0.22616244852542877,0.10765960067510605,0.2845422625541687,0.08096429705619812,0.2258775681257248,1727260957,138
159,0.1038774624466896,0.2778392732143402,0.07719466835260391,0.22578614950180054,0.10749908536672592,0.2843080163002014,0.08083104342222214,0.22768332064151764,1727260957,138
160,0.10461302101612091,0.2792081832885742,0.07795720547437668,0.22661326825618744,0.107821524143219,0.28492119908332825,0.08118008822202682,0.22590665519237518,1727260957,138
161,0.10425253957509995,0.27860957384109497,0.07762329280376434,0.22682678699493408,0.10761651396751404,0.2846076190471649,0.08100149780511856,0.2269691675901413,1727260957,138
162,0.10278473794460297,0.2760104537010193,0.07618176937103271,0.22393089532852173,0.10725733637809753,0.28402215242385864,0.08066857606172562,0.22606033086776733,1727260957,138
163,0.10361981391906738,0.27756601572036743,0.07704289257526398,0.22460493445396423,0.10700884461402893,0.2836301922798157,0.08044609427452087,0.2257477194070816,1727260957,138
164,0.10275249183177948,0.2760469615459442,0.07620193064212799,0.22358985245227814,0.1074373722076416,0.28443098068237305,0.08090097457170486,0.22652661800384521,1727260957,138
165,0.10308144986629486,0.2766894996166229,0.07655707746744156,0.22487960755825043,0.10686714947223663,0.28347277641296387,0.08035682141780853,0.22587692737579346,1727260957,138
166,0.10389519482851028,0.2782022953033447,0.07739651203155518,0.22679410874843597,0.10721978545188904,0.2841387391090393,0.08073482662439346,0.22770951688289642,1727260957,138
167,0.10260679572820663,0.2759229838848114,0.07613349705934525,0.22383594512939453,0.10699814558029175,0.28379353880882263,0.08053876459598541,0.22606047987937927,1727260957,138
168,0.10294852405786514,0.27658820152282715,0.0765010342001915,0.22385787963867188,0.1068638414144516,0.2836029827594757,0.08043064922094345,0.22710439562797546,1727260957,138
169,0.10350781679153442,0.27764496207237244,0.07708671689033508,0.22611330449581146,0.10712311416864395,0.28410574793815613,0.0807160809636116,0.2245578169822693,1727260958,139
170,0.10348125547170639,0.2776435315608978,0.07708592712879181,0.22557711601257324,0.10693017393350601,0.2838108241558075,0.08054858446121216,0.22493772208690643,1727260958,139
171,0.10300753265619278,0.2768349349498749,0.07663757354021072,0.2240200936794281,0.10681749880313873,0.28365734219551086,0.08046147972345352,0.22727501392364502,1727260958,139
172,0.10275477170944214,0.27642449736595154,0.07641050219535828,0.22473415732383728,0.10702913999557495,0.2840754985809326,0.0806988924741745,0.2245945930480957,1727260958,139
173,0.1034049540758133,0.27764517068862915,0.07708683609962463,0.2262755185365677,0.10694947093725204,0.28398147225379944,0.08064547181129456,0.2250484973192215,1727260958,139
174,0.10292808711528778,0.2768320143222809,0.07663595676422119,0.22325266897678375,0.10664969682693481,0.2834991216659546,0.08037175238132477,0.22669363021850586,1727260958,139
175,0.10219418257474899,0.27555063366889954,0.07592814415693283,0.22468061745166779,0.10640662163496017,0.2831162214279175,0.08015479147434235,0.22393271327018738,1727260958,139
176,0.10110820829868317,0.2736213505268097,0.07486864924430847,0.22280989587306976,0.10649032145738602,0.28331127762794495,0.08026528358459473,0.22654634714126587,1727260958,139
177,0.10223046690225601,0.2757125198841095,0.07601739466190338,0.22350309789180756,0.1066838875412941,0.2836991846561432,0.08048523217439651,0.22806358337402344,1727260958,139
178,0.10344261676073074,0.2779495120048523,0.07725592702627182,0.22672826051712036,0.10689891129732132,0.2841237187385559,0.08072628825902939,0.2247929573059082,1727260958,139
179,0.10180963575839996,0.2750439941883087,0.075649194419384,0.2235717624425888,0.10678964108228683,0.2839779853820801,0.08064348995685577,0.22802020609378815,1727260958,139
180,0.1018882766366005,0.2752343416213989,0.07575394958257675,0.2231307476758957,0.10606776177883148,0.28275012969970703,0.07994762808084488,0.22521932423114777,1727260958,139
181,0.1018616259098053,0.27523350715637207,0.07575348764657974,0.22340643405914307,0.10651370137929916,0.28358393907546997,0.08041984587907791,0.22437414526939392,1727260959,140
182,0.10260116308927536,0.27662113308906555,0.07651924341917038,0.22280281782150269,0.10599410533905029,0.2827123999595642,0.07992629706859589,0.22523368895053864,1727260959,140
183,0.10195405781269073,0.2754962742328644,0.0758982002735138,0.22337153553962708,0.10619205236434937,0.28310829401016235,0.0801503136754036,0.22358575463294983,1727260959,140
184,0.10233388096094131,0.27623239159584045,0.07630433887243271,0.22395645081996918,0.10629677772521973,0.283340185880661,0.08028165251016617,0.2250349223613739,1727260959,140
185,0.10093116015195847,0.2737298607826233,0.07492803037166595,0.2210213989019394,0.1059952825307846,0.2828538715839386,0.08000631630420685,0.22407810389995575,1727260959,140
186,0.10075263679027557,0.27345192432403564,0.07477594912052155,0.221410870552063,0.10634809732437134,0.28352415561676025,0.0803859531879425,0.2255583107471466,1727260959,140
187,0.10091428458690643,0.2737961411476135,0.07496432960033417,0.2215650975704193,0.10644853115081787,0.28374814987182617,0.08051300793886185,0.22471719980239868,1727260959,140
188,0.10140325129032135,0.27473556995391846,0.07547964155673981,0.22258876264095306,0.10639175772666931,0.2836938500404358,0.08048219978809357,0.2231115698814392,1727260959,140
189,0.10184359550476074,0.2755831480026245,0.07594607770442963,0.2227831780910492,0.10591432452201843,0.28289783000946045,0.08003118634223938,0.22619040310382843,1727260959,140
190,0.10126594454050064,0.2745811343193054,0.07539480179548264,0.22268933057785034,0.10684416443109512,0.2845824658870697,0.08098717778921127,0.22372367978096008,1727260959,140
191,0.1010642945766449,0.27426162362098694,0.07521944493055344,0.22184129059314728,0.10619710385799408,0.28348979353904724,0.08036646991968155,0.22491005063056946,1727260959,140
192,0.101620614528656,0.275322288274765,0.07580236345529556,0.22319170832633972,0.10571491718292236,0.28268614411354065,0.07991145551204681,0.2256574183702469,1727260959,140
193,0.1013757511973381,0.27492642402648926,0.0755845308303833,0.22321175038814545,0.10583142191171646,0.28293880820274353,0.08005436509847641,0.22340898215770721,1727260959,140
194,0.10115258395671844,0.2745681405067444,0.07538765668869019,0.2220669388771057,0.1054062694311142,0.28223344683647156,0.079655721783638,0.22255566716194153,1727260960,141
195,0.10067691653966904,0.27374890446662903,0.07493846118450165,0.22116398811340332,0.10558495670557022,0.282596230506897,0.0798606276512146,0.22457639873027802,1727260960,141
196,0.1003049686551094,0.27311646938323975,0.07459260523319244,0.2203945368528366,0.1053859069943428,0.28229063749313354,0.07968799769878387,0.225718691945076,1727260960,141
197,0.09945689886808395,0.2716080844402313,0.07377094775438309,0.21967065334320068,0.1058584526181221,0.2831723093986511,0.08018655329942703,0.22248753905296326,1727260960,141
198,0.10030774772167206,0.2732175290584564,0.07464781403541565,0.21982453763484955,0.10547640919685364,0.28254351019859314,0.0798308327794075,0.2231372445821762,1727260960,141
199,0.10070884227752686,0.27399930357933044,0.07507561892271042,0.22221589088439941,0.10625940561294556,0.2839726209640503,0.08064044266939163,0.22410152852535248,1727260960,141
200,0.09967195987701416,0.2721491754055023,0.07406517118215561,0.2200348824262619,0.10594465583562851,0.2834645211696625,0.08035213500261307,0.22219759225845337,1727260960,141
201,0.10055818408727646,0.2738209068775177,0.07497788965702057,0.22120580077171326,0.10532373934984207,0.28241410851478577,0.07975772768259048,0.22592508792877197,1727260960,141
202,0.10022081434726715,0.27325159311294556,0.07466643303632736,0.22042258083820343,0.10499117523431778,0.28187039494514465,0.07945092767477036,0.22397951781749725,1727260960,141
203,0.09930622577667236,0.2716207206249237,0.07377781718969345,0.21973228454589844,0.10600002110004425,0.28370001912117004,0.08048569411039352,0.2217976450920105,1727260960,141
204,0.09921851009130478,0.2715076804161072,0.0737164169549942,0.2183825522661209,0.10582423955202103,0.2834370732307434,0.08033657819032669,0.2231769859790802,1727260960,141
205,0.09994751960039139,0.27289581298828125,0.07447212189435959,0.21993570029735565,0.10489866137504578,0.2818472981452942,0.07943790405988693,0.22404639422893524,1727260960,141
206,0.0990375354886055,0.2712723910808563,0.07358870655298233,0.21885496377944946,0.10639559477567673,0.2845360338687897,0.08096075803041458,0.2222151905298233,1727260960,141
207,0.10024286061525345,0.2735324800014496,0.07482001930475235,0.2210732400417328,0.10600153356790543,0.283888578414917,0.08059272170066833,0.22344312071800232,1727260961,142
208,0.09910909831523895,0.27149978280067444,0.07371212542057037,0.2192649245262146,0.10566157847642899,0.28333479166030884,0.08027860522270203,0.22295480966567993,1727260961,142
209,0.0993117168545723,0.2719203531742096,0.07394067943096161,0.21897032856941223,0.10515712946653366,0.2824894189834595,0.07980027794837952,0.2251731902360916,1727260961,142
210,0.0994509905576706,0.2722243666648865,0.07410610467195511,0.21965967118740082,0.10493382066488266,0.2821402847766876,0.07960314303636551,0.22323700785636902,1727260961,142
211,0.09834100306034088,0.2702268064022064,0.07302252948284149,0.21885941922664642,0.10542677342891693,0.28305932879447937,0.08012258261442184,0.2234712690114975,1727260961,142
212,0.09773337841033936,0.2691493034362793,0.07244134694337845,0.2171858549118042,0.10582327842712402,0.28380531072616577,0.08054544776678085,0.22211642563343048,1727260961,142
213,0.099444679915905,0.2723582983016968,0.0741790384054184,0.21939127147197723,0.10466520488262177,0.2818049490451813,0.07941402494907379,0.22378571331501007,1727260961,142
214,0.09944260120391846,0.2724034786224365,0.07420365512371063,0.21950729191303253,0.10553887486457825,0.2833981215953827,0.08031449466943741,0.22271618247032166,1727260961,142
215,0.09863143414258957,0.27096012234687805,0.07341939210891724,0.2180515080690384,0.10530465841293335,0.28303179144859314,0.08010698854923248,0.22215481102466583,1727260961,142
216,0.09754359722137451,0.26899459958076477,0.07235809415578842,0.21707816421985626,0.10481015592813492,0.28220370411872864,0.07963892817497253,0.22140532732009888,1727260961,142
217,0.09898737072944641,0.27171382308006287,0.07382839918136597,0.2180437445640564,0.10473766177892685,0.2821229100227356,0.07959333807229996,0.22196096181869507,1727260961,142
218,0.09836363047361374,0.2706134021282196,0.07323161512613297,0.21832382678985596,0.1051044687628746,0.2828195095062256,0.07998687773942947,0.2229788452386856,1727260961,142
219,0.09844804555177689,0.2708185911178589,0.0733427032828331,0.21885952353477478,0.10606031864881516,0.2845507562160492,0.08096912503242493,0.22235803306102753,1727260962,143
220,0.09801684319972992,0.27006977796554565,0.07293768972158432,0.2174212485551834,0.1046430766582489,0.28209638595581055,0.07957836985588074,0.22557289898395538,1727260962,143
221,0.09818204492330551,0.27042436599731445,0.0731293335556984,0.21760746836662292,0.10468252748250961,0.28221333026885986,0.07964436709880829,0.22176194190979004,1727260962,143
222,0.09830006957054138,0.27069246768951416,0.0732744112610817,0.21811525523662567,0.10521253198385239,0.28319862484931946,0.08020146191120148,0.22168795764446259,1727260962,143
223,0.09771129488945007,0.26965275406837463,0.07271260023117065,0.2179006040096283,0.10497552901506424,0.28282758593559265,0.07999143749475479,0.22307994961738586,1727260962,143
224,0.09754004329442978,0.26938459277153015,0.07256805896759033,0.21778573095798492,0.10471680015325546,0.28241655230522156,0.07975911349058151,0.2221647948026657,1727260962,143
225,0.09658292680978775,0.2676514983177185,0.07163732498884201,0.2152993083000183,0.10595492273569107,0.28464657068252563,0.08102366328239441,0.22123390436172485,1727260962,143
226,0.09725916385650635,0.26896193623542786,0.07234051823616028,0.21713414788246155,0.10476477444171906,0.28259679675102234,0.07986094802618027,0.2226133942604065,1727260962,143
227,0.09744608402252197,0.2693599462509155,0.07255478203296661,0.2177397459745407,0.10586052387952805,0.28457653522491455,0.08098381012678146,0.2211991250514984,1727260962,143
228,0.09798362851142883,0.27040547132492065,0.07311911135911942,0.21706825494766235,0.10469002276659012,0.28255975246429443,0.07984001189470291,0.22339439392089844,1727260962,143
229,0.09661374986171722,0.2679104804992676,0.07177602499723434,0.21540705859661102,0.10416683554649353,0.281680166721344,0.07934372127056122,0.22383823990821838,1727260962,143
230,0.09784378856420517,0.27024656534194946,0.07303321361541748,0.21777687966823578,0.10542531311511993,0.28395313024520874,0.0806293860077858,0.22231797873973846,1727260962,143
231,0.09643658250570297,0.26768025755882263,0.07165272533893585,0.21511270105838776,0.10507099330425262,0.2833753526210785,0.08030159026384354,0.22172676026821136,1727260963,144
232,0.0971638411283493,0.269085168838501,0.0724068284034729,0.21530106663703918,0.10437996685504913,0.2822013795375824,0.07963761687278748,0.22183099389076233,1727260963,144
233,0.09614906460046768,0.2672436833381653,0.07141918689012527,0.2157059609889984,0.10494320094585419,0.28324541449546814,0.08022796362638474,0.22162893414497375,1727260963,144
234,0.09711945056915283,0.2691032886505127,0.07241658121347427,0.21646320819854736,0.10408443212509155,0.2817735970020294,0.07939635217189789,0.22308926284313202,1727260963,144
235,0.09654735028743744,0.2680887281894684,0.0718715637922287,0.21558335423469543,0.10745144635438919,0.28773266077041626,0.0827900767326355,0.22192850708961487,1727260963,144
236,0.09705232828855515,0.26907914876937866,0.07240358740091324,0.2169901430606842,0.1054779663681984,0.28433001041412354,0.08084355294704437,0.22219744324684143,1727260963,144
237,0.09735418856143951,0.2696887254714966,0.07273200154304504,0.21640512347221375,0.10371093451976776,0.2812534272670746,0.0791034922003746,0.22424355149269104,1727260963,144
238,0.0964796245098114,0.2681123912334442,0.07188425958156586,0.214066281914711,0.10389387607574463,0.2816257178783417,0.07931304723024368,0.22169601917266846,1727260963,144
239,0.09739293903112411,0.2698604464530945,0.07282466441392899,0.21755747497081757,0.10545507818460464,0.2844323515892029,0.08090176433324814,0.22213108837604523,1727260963,144
240,0.09651729464530945,0.2682846188545227,0.07197663187980652,0.2162872850894928,0.10575281083583832,0.28500333428382874,0.0812269002199173,0.2218800187110901,1727260963,144
241,0.09709100425243378,0.26940256357192993,0.07257773727178574,0.21609821915626526,0.10521920770406723,0.28411370515823364,0.08072060346603394,0.2222028523683548,1727260963,144
242,0.09605323523283005,0.2675201892852783,0.07156705856323242,0.2155008167028427,0.10449808835983276,0.28288960456848145,0.0800265222787857,0.222285658121109,1727260963,144
243,0.09578517824411392,0.26706957817077637,0.07132615894079208,0.21491238474845886,0.10448328405618668,0.282912015914917,0.08003921061754227,0.22174325585365295,1727260964,145
244,0.0969596803188324,0.26931068301200867,0.07252825051546097,0.21643522381782532,0.10377413034439087,0.28170469403266907,0.07935753464698792,0.22323353588581085,1727260964,145
245,0.09492871910333633,0.265564501285553,0.07052450627088547,0.21388055384159088,0.10663075000047684,0.2867771089076996,0.08224110305309296,0.22133073210716248,1727260964,145
246,0.0960238128900528,0.2676694691181183,0.07164695113897324,0.21465130150318146,0.10392659157514572,0.282072514295578,0.0795648992061615,0.22250396013259888,1727260964,145
247,0.09610707312822342,0.2678769826889038,0.07175807654857635,0.21435603499412537,0.10450249165296555,0.2831401526927948,0.08016834408044815,0.2224082201719284,1727260964,145
248,0.09516966342926025,0.2661723494529724,0.07084771990776062,0.21414102613925934,0.10480263084173203,0.2837163209915161,0.0804949477314949,0.22129982709884644,1727260964,145
249,0.0958593338727951,0.2675137221813202,0.07156359404325485,0.21481558680534363,0.10508851706981659,0.2842656075954437,0.08080693334341049,0.22102618217468262,1727260964,145
250,0.09459041804075241,0.26518183946609497,0.07032140344381332,0.21354436874389648,0.10599421709775925,0.28590211272239685,0.08174002170562744,0.2212390899658203,1727260964,145
251,0.09442365914583206,0.2649190425872803,0.07018209993839264,0.212547168135643,0.10409890115261078,0.28261619806289673,0.07987191528081894,0.2209748774766922,1727260964,145
252,0.09606702625751495,0.2680526673793793,0.07185223698616028,0.2138037532567978,0.10337679088115692,0.28138384222984314,0.0791768729686737,0.2251727283000946,1727260964,145
253,0.09466391801834106,0.26547369360923767,0.07047627866268158,0.21324101090431213,0.1037648394703865,0.28212058544158936,0.0795920267701149,0.22224433720111847,1727260964,145
254,0.09511850774288177,0.26637956500053406,0.07095807045698166,0.21306510269641876,0.10525587946176529,0.2847979962825775,0.0811098963022232,0.2215530425310135,1727260964,145
255,0.09524162858724594,0.2666610777378082,0.0711081251502037,0.2138359397649765,0.10428279638290405,0.28313273191452026,0.08016414195299149,0.22190231084823608,1727260964,145
256,0.09446539729833603,0.2652536928653717,0.07035952061414719,0.21299397945404053,0.10423596948385239,0.2830994427204132,0.08014529943466187,0.22109141945838928,1727260965,146
257,0.09431366622447968,0.265019953250885,0.07023558020591736,0.21169230341911316,0.10601434111595154,0.28627094626426697,0.08195105940103531,0.2217579036951065,1727260965,146
258,0.09413611143827438,0.26473647356033325,0.07008539885282516,0.21325385570526123,0.1036788672208786,0.282211035490036,0.07964307069778442,0.22295600175857544,1727260965,146
259,0.09520415216684341,0.2667972147464752,0.07118074595928192,0.21252566576004028,0.10349968820810318,0.28194162249565125,0.07949107140302658,0.22132046520709991,1727260965,146
260,0.09437362849712372,0.2652878761291504,0.0703776553273201,0.21289023756980896,0.10412616282701492,0.28309938311576843,0.08014525473117828,0.22037525475025177,1727260965,146
261,0.09521050751209259,0.2669125199317932,0.07124229520559311,0.21412600576877594,0.10405910015106201,0.28303012251853943,0.08010604232549667,0.22126860916614532,1727260965,146
262,0.09408988803625107,0.2648575007915497,0.0701494887471199,0.21226279437541962,0.10448861867189407,0.28383639454841614,0.08056310564279556,0.22109393775463104,1727260965,146
263,0.09439652413129807,0.2654878795146942,0.07048381119966507,0.2131696343421936,0.10416074097156525,0.2833074629306793,0.08026312291622162,0.22104516625404358,1727260965,146
264,0.09420977532863617,0.2651882767677307,0.07032482326030731,0.2124750018119812,0.10308913141489029,0.2814587652683258,0.0792190432548523,0.2214442938566208,1727260965,146
265,0.09349574148654938,0.26389068365097046,0.06963829696178436,0.21057477593421936,0.10372880101203918,0.28264209628105164,0.0798865556716919,0.22037044167518616,1727260965,146
266,0.09400395303964615,0.2649043798446655,0.07017433643341064,0.21162472665309906,0.10344746708869934,0.2821929156780243,0.07963284850120544,0.22086232900619507,1727260965,146
267,0.09333425015211105,0.26368948817253113,0.06953214854001999,0.21198391914367676,0.1040375679731369,0.2832846939563751,0.08025022596120834,0.22101640701293945,1727260965,146
268,0.09359441697597504,0.2642338275909424,0.06981950998306274,0.21141678094863892,0.10317517071962357,0.2818068563938141,0.07941510528326035,0.22112779319286346,1727260966,147
269,0.09354294836521149,0.26418834924697876,0.06979548931121826,0.2113809734582901,0.10455912351608276,0.28430020809173584,0.08082661032676697,0.22140073776245117,1727260966,147
270,0.0938994288444519,0.2649152874946594,0.07018010318279266,0.21254342794418335,0.10421349108219147,0.28374212980270386,0.08050959557294846,0.22082962095737457,1727260966,147
271,0.09404566138982773,0.26524439454078674,0.07035458832979202,0.21243128180503845,0.10459651798009872,0.28446513414382935,0.08092041313648224,0.2202291339635849,1727260966,147
272,0.09337301552295685,0.2640257179737091,0.06970957666635513,0.21166785061359406,0.10494711995124817,0.28512856364250183,0.08129829913377762,0.22117270529270172,1727260966,147
273,0.09352759271860123,0.26436924934387207,0.06989109516143799,0.21215683221817017,0.10602857172489166,0.2870652675628662,0.08240646868944168,0.22189897298812866,1727260966,147
274,0.0922299399971962,0.2619554102420807,0.06862062960863113,0.20987027883529663,0.10353340208530426,0.28273504972457886,0.079939104616642,0.22141382098197937,1727260966,147
275,0.09232589602470398,0.2621910274028778,0.06874413788318634,0.2086922973394394,0.10319196432828903,0.2821793258190155,0.07962516695261002,0.22079499065876007,1727260966,147
276,0.09231801331043243,0.26222872734069824,0.06876390427350998,0.21022118628025055,0.10264603793621063,0.2812597453594208,0.07910703867673874,0.22121593356132507,1727260966,147
277,0.09368696063756943,0.2648780643939972,0.0701603814959526,0.21156740188598633,0.1057424545288086,0.2867589592933655,0.08223069459199905,0.22126008570194244,1727260966,147
278,0.09301934391260147,0.26366737484931946,0.0695204809308052,0.21213465929031372,0.10756197571754456,0.2899618446826935,0.0840778723359108,0.2224435657262802,1727260966,147
279,0.09398715198040009,0.2655487060546875,0.07051610946655273,0.21094803512096405,0.10309994220733643,0.28221309185028076,0.07964423298835754,0.22131183743476868,1727260967,148
280,0.09349996596574783,0.2646828889846802,0.07005703449249268,0.2127804309129715,0.10233963280916214,0.2809125781059265,0.07891187071800232,0.22193975746631622,1727260967,148
281,0.09374237805604935,0.2651928663253784,0.07032725214958191,0.21292369067668915,0.10375041514635086,0.28346145153045654,0.08035039901733398,0.22124387323856354,1727260967,148
282,0.09203366190195084,0.26200518012046814,0.06864672154188156,0.20871812105178833,0.10300888866186142,0.28220134973526,0.07963760197162628,0.2227446287870407,1727260967,148
283,0.0936666950583458,0.26515617966651917,0.07030779868364334,0.21286357939243317,0.10215189307928085,0.28072744607925415,0.07880789786577225,0.22131511569023132,1727260967,148
284,0.09251350909471512,0.26302504539489746,0.06918217986822128,0.21062825620174408,0.10203468054533005,0.2805686295032501,0.07871875166893005,0.22092057764530182,1727260967,148
285,0.09213786572217941,0.26236358284950256,0.06883465498685837,0.20970311760902405,0.10448109358549118,0.2849433720111847,0.0811927318572998,0.2206650972366333,1727260967,148
286,0.09261296689510345,0.263319730758667,0.06933728605508804,0.21030257642269135,0.1046384871006012,0.28526777029037476,0.08137769997119904,0.22036446630954742,1727260967,148
287,0.09221319109201431,0.2626122236251831,0.06896518170833588,0.20944923162460327,0.10662266612052917,0.28877243399620056,0.0833895206451416,0.22132912278175354,1727260967,148
288,0.09242694079875946,0.26307162642478943,0.06920667737722397,0.21065887808799744,0.10477440059185028,0.2856026589870453,0.0815688818693161,0.2206452339887619,1727260967,148
289,0.09140399843454361,0.26117271184921265,0.06821118295192719,0.2086174488067627,0.10340426117181778,0.2832430601119995,0.08022663742303848,0.22137883305549622,1727260967,148
290,0.09130553901195526,0.2610376477241516,0.06814064830541611,0.20850981771945953,0.10249105840921402,0.2816760838031769,0.07934141904115677,0.22181501984596252,1727260967,148
291,0.09228689223527908,0.26296353340148926,0.06914981454610825,0.20964431762695312,0.10248862206935883,0.2817210555076599,0.0793667584657669,0.22050069272518158,1727260967,148
292,0.09265678375959396,0.2637193202972412,0.0695478767156601,0.21159221231937408,0.10591207444667816,0.28778180480003357,0.08281836658716202,0.2211623191833496,1727260968,149
293,0.09282568842172623,0.26409292221069336,0.06974507123231888,0.21119125187397003,0.10425785928964615,0.2849430739879608,0.08119255304336548,0.2202969193458557,1727260968,149
294,0.09253136068582535,0.2635887563228607,0.06947903335094452,0.21116776764392853,0.10238974541425705,0.2816962003707886,0.07935275137424469,0.2208874672651291,1727260968,149
295,0.0916125476360321,0.2618935704231262,0.0685882493853569,0.20826512575149536,0.10259663313627243,0.2821124792098999,0.07958745211362839,0.22040188312530518,1727260968,149
296,0.09183239191770554,0.26236623525619507,0.06883604824542999,0.20879356563091278,0.10165256261825562,0.28048455715179443,0.07867158204317093,0.221188023686409,1727260968,149
297,0.09165830165147781,0.2620876133441925,0.06868992000818253,0.2101110965013504,0.10346868634223938,0.2837519943714142,0.08051519840955734,0.22079703211784363,1727260968,149
298,0.090971939265728,0.2608274817466736,0.06803096830844879,0.20898644626140594,0.10651492327451706,0.2891175448894501,0.08358895033597946,0.22134284675121307,1727260968,149
299,0.09142443537712097,0.26174747943878174,0.06851174682378769,0.20779868960380554,0.10414730757474899,0.285043865442276,0.08124999701976776,0.2202017903327942,1727260968,149
300,0.09143097698688507,0.2618146240711212,0.06854689121246338,0.2078697383403778,0.10303927212953568,0.28314390778541565,0.08017046749591827,0.22016242146492004,1727260968,149
301,0.08936144411563873,0.25788649916648865,0.06650543957948685,0.20544208586215973,0.10268271714448929,0.2825630009174347,0.07984184473752975,0.22020593285560608,1727260968,149
302,0.09036213904619217,0.2598735988140106,0.06753428280353546,0.2078254222869873,0.10294536501169205,0.283077597618103,0.08013292402029037,0.21993495523929596,1727260968,149
303,0.08989501744508743,0.2590283155441284,0.06709567457437515,0.2077137976884842,0.10269048810005188,0.28267714381217957,0.07990635931491852,0.22010746598243713,1727260968,149
304,0.09146549552679062,0.2620954215526581,0.06869400292634964,0.20892639458179474,0.10148587077856064,0.2805883288383484,0.07872981578111649,0.22402164340019226,1727260968,149
305,0.09207025915384293,0.26329997181892395,0.06932687014341354,0.2111353576183319,0.10161978751420975,0.28087663650512695,0.07889168709516525,0.22175665199756622,1727260969,150
306,0.09134293347597122,0.26196861267089844,0.06862755864858627,0.20876334607601166,0.1020633801817894,0.2817153334617615,0.07936352491378784,0.22096744179725647,1727260969,150
307,0.09079945087432861,0.260983943939209,0.06811262667179108,0.20828525722026825,0.10277897119522095,0.2830333411693573,0.08010786771774292,0.22084812819957733,1727260969,150
308,0.09144023805856705,0.2622637152671814,0.0687822625041008,0.20926158130168915,0.10273124277591705,0.28299954533576965,0.08008873462677002,0.21995331346988678,1727260969,150
309,0.09021219611167908,0.2599666714668274,0.06758266687393188,0.20760656893253326,0.10452771931886673,0.2862050533294678,0.08191332966089249,0.22052492201328278,1727260969,150
310,0.08926881104707718,0.2582002580165863,0.06666737049818039,0.2060082107782364,0.10294952243566513,0.283484548330307,0.08036348968744278,0.21998398005962372,1727260969,150
311,0.08908993750810623,0.2579094171524048,0.06651726365089417,0.20516647398471832,0.10342139005661011,0.28436681628227234,0.08086448162794113,0.22000956535339355,1727260969,150
312,0.08865963667631149,0.2571300268173218,0.0661158487200737,0.2049638032913208,0.10278403759002686,0.2832944393157959,0.08025573939085007,0.2198229730129242,1727260969,150
313,0.08856663107872009,0.2570047676563263,0.06605145335197449,0.20420603454113007,0.10253345966339111,0.2829028069972992,0.08003400266170502,0.21939080953598022,1727260969,150
314,0.08892965316772461,0.25776612758636475,0.06644338369369507,0.20649191737174988,0.10210411995649338,0.28219375014305115,0.07963331043720245,0.22274911403656006,1727260969,150
315,0.09006469696760178,0.2600124180316925,0.06760646402835846,0.20833048224449158,0.10149190574884415,0.28115639090538025,0.07904890924692154,0.22141239047050476,1727260969,150
316,0.09071889519691467,0.2613212764263153,0.06828880310058594,0.20864643156528473,0.10361943393945694,0.2849647104740143,0.08120488375425339,0.21975985169410706,1727260969,150
317,0.08931215107440948,0.25867119431495667,0.06691078841686249,0.20671269297599792,0.10699722915887833,0.2908802032470703,0.08461128920316696,0.22201406955718994,1727260970,151
318,0.08982007205486298,0.259706050157547,0.0674472376704216,0.20683090388774872,0.10570839047431946,0.28870484232902527,0.08335049450397491,0.22053351998329163,1727260970,151
319,0.08985567837953568,0.2598285377025604,0.06751086562871933,0.2079068124294281,0.10515989363193512,0.28780290484428406,0.0828305035829544,0.2206917107105255,1727260970,151
320,0.08844798803329468,0.2571612000465393,0.06613188982009888,0.20508380234241486,0.1015627384185791,0.2815361022949219,0.07926256954669952,0.22044795751571655,1727260970,151
321,0.08868420869112015,0.2576771676540375,0.0663975179195404,0.2054262012243271,0.10183712095022202,0.282074898481369,0.07956625521183014,0.2204016000032425,1727260970,151
322,0.08906591683626175,0.25847291946411133,0.06680824607610703,0.20527632534503937,0.10258835554122925,0.2834548354148865,0.08034665137529373,0.2199523001909256,1727260970,151
323,0.08896714448928833,0.2583383619785309,0.06673870235681534,0.2064482420682907,0.10272649675607681,0.28374919295310974,0.0805136039853096,0.21937023103237152,1727260970,151
324,0.08898039907217026,0.25841963291168213,0.0667807087302208,0.206962451338768,0.1030372604727745,0.28434672951698303,0.08085305988788605,0.2191755771636963,1727260970,151
